03 06 08 09 10 20 21 22 31 32 33 34 44 50 
03 06 08 09 10 20 21 22 31 32 33 34 44 50 
03 06 08 09 10 15 20 21 22 31 32 33 34 44 50 
01 03 05 06 08 09 10 17 18 19 20 23 28 31 32 33 34 38 39 40 44 50 
01 03 05 06 08 09 10 17 18 19 20 23 28 31 32 33 34 38 39 40 44 50 
01 03 05 06 08 09 10 15 17 18 19 20 23 26 27 28 31 32 33 34 38 39 40 44 50 
01 05 06 08 09 10 11 12 13 14 17 18 19 20 28 31 32 33 34 40 44 50 
01 05 06 08 09 10 11 12 13 14 17 18 19 20 28 31 32 33 34 40 44 50 
01 05 06 08 09 10 11 12 13 14 15 17 18 19 20 26 27 28 31 32 33 34 40 44 50 
-
-
02 04 06 09 10 15 20 21 22 29 30 31 32 33 34 39 44 46 50 
-
-
03 06 09 10 15 20 21 31 32 33 34 39 40 44 50 
02 04 06 09 10 20 31 32 33 34 39 43 44 50 
02 04 06 09 10 20 31 32 33 34 39 43 44 50 
02 04 06 09 10 15 20 31 32 33 34 39 43 44 50 
06 08 09 10 11 12 14 20 24 25 28 31 32 34 39 40 44 50 
06 08 09 10 11 12 13 14 15 20 24 25 28 31 32 34 39 40 44 50 
02 04 06 09 10 20 31 32 34 39 43 44 50 
02 04 06 09 10 15 20 31 32 34 39 43 44 50 
06 08 09 10 20 21 26 27 28 31 32 34 40 44 48 50 
06 08 09 10 15 20 21 26 27 28 31 32 34 40 44 48 50 
01 05 06 08 09 10 16 17 19 20 24 25 31 32 33 34 39 40 44 45 50 
01 05 06 08 09 10 15 16 17 19 20 24 25 31 32 33 34 39 40 44 45 50 
03 06 08 09 10 17 19 20 26 27 28 31 32 34 39 40 44 48 50 
03 06 08 09 10 15 17 19 20 26 27 28 31 32 34 39 40 44 48 50 
06 08 09 10 14 20 24 25 31 32 33 34 40 44 50 
06 07 08 09 10 11 12 13 14 20 24 25 31 32 33 34 40 44 50 
01 05 06 07 08 09 10 11 12 13 14 15 16 17 18 19 20 24 25 26 27 31 32 33 34 38 40 44 48 50 
06 07 08 09 10 14 20 24 25 31 32 33 34 40 44 50 
06 07 08 09 10 11 12 13 14 20 24 25 31 32 33 34 40 44 50 
01 05 06 07 08 09 10 11 12 13 14 15 16 17 18 19 20 24 25 26 27 31 32 33 34 38 40 44 48 50 
01 05 06 08 09 10 11 12 13 14 17 18 19 20 22 24 25 29 30 31 32 33 34 35 38 40 44 45 46 49 50 
01 05 06 08 09 10 11 12 13 14 15 17 18 19 20 22 24 25 29 30 31 32 33 34 35 38 40 44 45 46 49 50 
06 08 09 10 20 28 31 32 33 34 38 39 40 44 50 
06 08 09 10 15 20 28 31 32 33 34 38 39 40 44 50 
01 05 06 08 09 10 11 12 13 14 17 18 19 20 22 24 25 29 30 31 32 33 34 38 40 44 45 46 49 50 
01 05 06 08 09 10 11 12 13 14 15 17 18 19 20 22 24 25 29 30 31 32 33 34 38 40 44 45 46 49 50 
02 04 06 09 10 20 21 31 32 34 39 44 50 
02 04 06 09 10 15 20 21 31 32 34 39 44 50 
03 06 09 10 20 21 22 31 32 33 34 44 50 
03 06 09 10 20 21 22 31 32 33 34 44 50 
03 06 08 09 10 15 20 21 22 31 32 33 34 44 50 
03 06 08 09 10 20 21 22 28 31 32 33 34 40 44 50 
03 06 08 09 10 15 20 21 22 28 31 32 33 34 40 44 50 
06 09 10 20 21 22 29 31 32 33 34 44 46 50 
02 04 06 09 10 15 20 21 22 29 30 31 32 33 34 39 44 46 50 
06 08 09 10 20 26 27 28 31 32 34 44 48 50 
06 08 09 10 15 20 26 27 28 31 32 34 44 48 50 
06 08 09 10 11 12 16 20 24 25 31 32 34 39 40 44 50 
06 08 09 10 11 12 15 16 20 24 25 31 32 34 39 40 44 50 
01 05 06 08 09 10 11 12 13 14 16 17 18 19 20 28 31 32 34 39 40 44 50 
01 05 06 08 09 10 11 12 13 14 15 16 17 18 19 20 28 31 32 34 39 40 44 50 
01 05 06 08 09 10 16 17 18 19 20 24 25 28 31 32 34 35 39 40 44 48 50 
01 05 06 08 09 10 15 16 17 18 19 20 24 25 28 31 32 34 35 39 40 44 48 50 
06 08 09 10 20 23 28 31 32 33 34 38 39 40 44 50 
06 08 09 10 15 20 23 28 30 31 32 33 34 38 39 40 44 50 
06 08 09 10 11 12 13 14 20 29 31 32 34 40 44 46 50 
01 05 06 08 09 10 11 12 13 14 17 18 19 20 26 27 29 31 32 34 35 40 44 46 50 
01 05 06 08 09 10 11 12 13 14 15 17 18 19 20 26 27 29 31 32 34 35 40 44 46 50 
01 05 06 08 09 10 17 18 19 20 29 30 31 32 33 34 35 40 44 45 46 49 50 
01 05 06 08 09 10 17 18 19 20 28 29 30 31 32 33 34 35 40 44 45 46 49 50 
01 05 06 08 09 10 15 17 18 19 20 28 29 30 31 32 33 34 35 40 44 45 46 49 50 
01 05 06 08 09 10 17 18 19 20 26 27 28 31 32 34 35 38 40 44 48 50 
01 05 06 08 09 10 17 18 19 20 26 27 28 31 32 34 35 38 40 44 48 50 
01 05 06 08 09 10 15 17 18 19 20 26 27 28 31 32 34 35 38 40 44 48 50 
03 06 09 10 20 21 22 31 32 33 34 44 50 
03 06 09 10 20 21 22 31 32 33 34 44 50 
03 06 08 09 10 15 20 21 22 31 32 33 34 44 50 
03 06 09 10 11 12 13 14 20 21 31 32 33 34 40 44 50 
03 06 09 10 11 12 13 14 15 20 21 31 32 33 34 40 44 50 
01 06 08 09 10 17 18 19 20 26 27 28 31 32 34 35 36 38 44 47 48 50 
01 06 08 09 10 17 18 19 20 26 27 28 31 32 34 35 36 38 44 47 48 50 
01 05 06 08 09 10 15 17 18 19 20 26 27 28 31 32 34 35 36 38 44 47 48 50 
06 07 08 09 10 20 31 32 33 34 38 39 40 44 50 
06 07 08 09 10 15 20 31 32 33 34 38 39 40 44 50 
06 08 09 10 11 12 13 14 16 20 26 27 28 29 30 31 32 33 34 38 39 40 44 45 46 49 50 
01 05 06 08 09 10 11 12 13 14 15 16 17 18 19 20 26 27 28 29 30 31 32 33 34 38 39 40 44 45 46 49 50 
06 09 10 20 24 25 30 31 32 33 34 39 44 45 50 
06 09 10 15 20 24 25 30 31 32 33 34 39 44 45 50 
02 03 04 06 08 09 10 20 31 32 33 34 39 40 44 50 
04 06 08 09 10 20 31 32 33 34 40 43 44 49 50 
04 06 08 09 10 15 20 31 32 33 34 40 43 44 49 50 
06 07 08 09 10 11 12 13 14 16 20 31 32 34 40 44 50 
06 07 08 09 10 11 12 13 14 15 16 20 31 32 34 40 44 50 
06 08 20 21 24 25 31 32 34 36 38 44 47 50 
06 08 15 20 21 24 25 31 32 34 36 38 44 47 50 
06 09 10 11 12 13 14 20 30 31 32 33 34 36 39 44 47 49 50 
06 09 10 11 12 13 14 15 20 30 31 32 33 34 36 39 44 47 49 50 
06 20 21 24 25 29 31 32 34 36 42 44 46 47 50 
06 20 21 24 25 29 31 32 34 36 42 44 46 47 50 
01 05 06 08 09 10 15 17 18 19 20 21 24 25 29 31 32 34 35 36 40 42 44 46 47 50 
06 08 09 10 20 26 27 28 31 32 34 36 40 44 47 48 50 
01 05 06 08 09 10 17 18 19 20 29 30 31 32 33 34 35 40 42 44 45 46 49 50 
01 05 06 08 09 10 15 17 18 19 20 29 30 31 32 33 34 35 40 42 44 45 46 49 50 
03 06 08 09 10 11 12 13 14 20 31 32 34 44 50 
03 06 08 09 10 11 12 13 14 15 20 31 32 34 44 50 
06 09 20 24 25 30 31 32 33 34 36 39 44 45 47 50 
06 09 15 20 24 25 30 31 32 33 34 36 39 40 44 45 47 50 
06 09 10 20 29 30 31 32 33 34 36 37 44 46 47 50 
06 09 10 15 20 21 22 29 30 31 32 33 34 36 37 44 46 47 50 
01 05 06 08 09 10 11 12 13 14 17 18 19 20 26 27 28 31 32 34 38 40 44 50 
01 05 06 08 09 10 11 12 13 14 15 17 18 19 20 26 27 28 31 32 34 38 40 44 50 
01 05 06 08 09 10 17 18 19 20 31 32 34 35 39 40 44 50 
01 05 06 08 09 10 17 18 19 20 31 32 34 35 39 40 44 50 
01 03 05 06 08 09 10 11 12 13 14 15 17 18 19 20 24 25 26 27 31 32 34 38 40 44 50 
06 20 24 25 31 32 34 36 38 44 47 50 
06 15 20 24 25 31 32 34 36 38 44 47 50 
06 07 08 09 10 20 24 25 26 27 28 31 32 34 38 40 44 48 50 
01 05 06 07 08 09 10 11 12 13 14 15 16 17 18 19 20 24 25 26 27 28 31 32 34 38 40 44 48 50 
01 05 06 08 09 10 11 12 13 14 15 17 18 19 20 22 24 25 29 30 31 32 33 34 35 37 38 40 41 44 45 46 49 50 
03 06 08 09 10 15 20 21 22 31 32 34 40 44 50 
01 05 06 08 09 10 11 12 13 14 15 17 18 19 20 24 25 26 27 31 32 34 38 40 44 48 50 
06 09 10 11 12 13 14 20 31 32 34 39 40 44 50 
06 09 10 11 12 13 14 15 20 31 32 34 39 40 44 50 
06 07 09 10 11 12 13 14 20 31 32 34 39 40 44 50 
06 07 09 10 11 12 13 14 15 20 31 32 34 39 40 44 50 
06 09 10 11 12 13 14 20 24 25 29 30 31 32 33 34 39 40 44 45 46 49 50 
06 09 10 11 12 13 14 15 20 24 25 29 30 31 32 33 34 39 40 44 45 46 49 50 
01 05 06 08 09 10 15 17 18 19 20 22 24 25 29 30 31 32 33 34 35 40 44 45 46 50 
03 06 09 10 15 20 31 32 34 39 40 44 50 
01 05 06 08 09 10 11 12 13 14 15 17 18 19 20 29 30 31 32 33 34 35 40 44 46 50 
01 05 06 08 09 10 15 17 18 19 20 24 25 29 30 31 32 33 34 35 39 40 44 45 46 50 
01 05 06 08 09 10 15 17 18 19 20 29 30 31 32 34 35 38 40 44 46 50 
03 06 08 09 10 15 17 19 20 31 32 34 44 50 
06 07 08 09 10 13 14 15 20 24 25 26 27 31 32 34 38 40 44 50 
-
06 08 09 10 11 12 13 14 15 20 23 24 25 31 32 33 34 38 40 44 50 
06 07 08 09 10 11 12 13 14 15 20 22 23 24 25 29 31 32 33 34 40 44 46 50 
-
06 08 09 10 20 31 32 33 34 39 40 44 50 
06 08 09 10 11 12 13 14 15 20 31 32 33 34 39 40 44 50 
06 08 09 10 15 20 24 25 31 32 33 34 39 40 44 45 50 
06 08 09 10 15 20 31 32 33 34 38 39 40 44 50 
06 09 10 13 14 15 20 24 25 29 30 31 32 33 34 39 40 44 45 46 49 50 
06 08 09 10 11 12 13 14 20 31 32 33 34 44 50 
06 07 08 09 10 11 12 13 14 15 17 19 20 31 32 33 34 40 44 50 
06 08 09 10 11 12 13 14 20 31 32 33 34 44 50 
02 03 05 06 08 09 10 11 12 13 14 15 17 19 20 31 32 33 34 40 44 50 
02 04 06 09 10 15 20 23 31 32 33 34 38 39 43 44 50 
01 05 06 08 09 10 11 12 13 14 15 16 17 18 19 20 22 24 25 26 27 29 31 32 33 34 35 36 38 40 44 46 48 50 
02 04 06 09 10 11 12 13 14 15 20 31 32 33 34 39 43 44 50 
02 04 06 09 10 15 20 24 25 31 32 33 34 39 43 44 45 50 
02 04 06 09 10 15 20 31 32 33 34 38 39 43 44 50 
06 08 09 10 11 12 13 14 20 23 24 25 31 32 33 34 38 39 40 44 45 50 
06 07 08 09 10 11 12 13 14 20 23 24 25 31 32 33 34 38 39 40 44 45 50 
02 06 07 08 09 10 11 12 13 14 15 20 23 24 25 31 32 33 34 38 39 40 44 45 50 
01 05 06 08 09 10 11 12 13 14 15 16RB 17 18 19 20 22 24 25 29 30 31 32 33 34 35 36 38 40 44 45 46 49 50 
01 02 03 04 05 06 07 08 09 10 11 12 13 14 15 16 17 18 19 20 21 22 23 24 25 26 27 28 29 30 31 32 33 34 35 36 37 38 39 40 41 42 43 44 45 46 47 48 49 50 
